0.005 0 0 0 0 0 0
0.01 0 0 0 0 0 0
0.015 0 0 0 0 0 0
0.02 0 0 0 0 0 0
0.025 0 0 0 0 0 0
0.03 0 0 0 0 0 0
0.035 0 0 0 0 0 0
0.04 0 0 0 0 0 0
0.045 0 0 0 0 0 0
0.05 0 0 0 0 0 0
0.055 0 0 0 0 0 0
0.06 0 0 0 0 0 0
0.065 0 0 0 0 0 0
0.07 0 0 0 0 0 0
0.0750000000000001 1.0775662801813e-06 4 0.000215513256036265 800.000000000019 0 0
0.0800000000000001 1.0775662801813e-06 4 0 0 0 0
0.0850000000000001 1.0775662801813e-06 4 0 0 0 0
0.0900000000000001 1.0775662801813e-06 4 0 0 0 0
0.0950000000000001 1.0775662801813e-06 4 0 0 0 0
0.1 1.34695785022662e-06 5 5.38783140090662e-05 200.000000000005 0 0
0.105 1.61634942027195e-06 6 5.38783140090662e-05 200.000000000005 0 0
0.11 1.61634942027195e-06 6 0 0 0 0
0.115 2.1551325603626e-06 8 0.000107756628018132 400.00000000001 0 0
0.12 2.42452413040792e-06 9 5.38783140090662e-05 200.000000000005 0 0
0.125 7.00418082117844e-06 26 0.000915931338154126 3400.00000000008 0 0
0.13 1.69716689128554e-05 63 0.00199349761833545 7400.00000000018 0 0
0.135 4.52577837676144e-05 168 0.00565722297095192 21000.0000000005 0 0
0.14 0.000117724116109807 437 0.0144932664684389 53800.0000000013 0 0
0.145 0.000269930353185418 1002 0.0304412474151229 113000.000000003 0 0
0.15 0.000468202548738781 1738 0.0396544391106735 147200.000000004 0 0
0.155 0.000693413901296657 2574 0.0450422705115763 167200.000000004 0 0
0.16 0.000924013085255438 3430 0.0461198367917572 171200.000000004 0 0
0.165 0.00114760808839303 4260 0.0447190006275193 166000.000000004 0 0
0.17 0.00135234568162745 5020 0.0409475186468844 152000.000000004 0 0
0.175 0.00155169544346096 5760 0.0398699523667034 148000.000000004 0 0
0.18 0.00174269406662307 6469 0.0381997246324227 141800.000000003 0 0
0.185 0.00196575028662057 7297 0.0446112439995009 165600.000000004 0 0
0.19 0.00219284738016873 8140 0.0454194187096346 168600.000000004 0 0
0.195 0.00246493286591446 9150 0.0544170971491472 202000.000000005 0 0
0.2 0.00278200674385776 10327 0.0634147755886603 235400.000000006 0 0
0.205 0.00312898308607607 11615 0.0693952684436649 257600.000000006 0 0
0.21 0.00352067842892191 13069 0.0783390685691694 290800.000000007 0 0
0.215 0.00395224372413445 14671 0.0863130590425097 320400.000000008 0 0
0.22 0.00442583410427404 16429 0.0947180760279214 351600.000000008 0 0
0.225 0.0049473761838817 18365 0.104308415921533 387200.000000009 0 0
0.23 0.00555458478276375 20619 0.121441719776413 450800.000000011 0 0
0.235 0.00632019562483243 23461 0.153122168413739 568400.000000014 0 0
0.24 0.00755939684704074 28061 0.247840244441669 920000.000000022 0 0
0.245 0.00944001939752719 35042 0.376124510097298 1396200.00000003 0 0
0.25 0.011626131988445 43157 0.437222518183575 1623000.00000004 0 0
0.255 0.013848612441319 51407 0.444496090574802 1650000.00000004 0 0
0.26 0.0158442651922148 58815 0.399130550179183 1481600.00000004 0 0
0.265 0.0173393884059666 64365 0.299024642750357 1110000.00000003 0 0
0.27 0.0180470800604759 66992 0.141538330901873 525400.000000013 0 0
0.275 0.0181812370623584 67490 0.0268314003764938 99600.0000000024 0 0
0.28 0.018203057779532 67571 0.00436414343472091 16200.0000000004 0 0
0.285 0.0182229927557153 67645 0.00398699523665734 14800.0000000004 0 0
0.29 0.0182466992138792 67733 0.00474129163278447 17600.0000000004 0 0
0.295 0.0182728301961735 67830 0.00522619645886581 19400.0000000005 0 0
0.3 0.018305965359289 67953 0.00662703262309538 24600.0000000006 0 0
0.305 0.0183377535645543 68071 0.00635764105305304 23600.0000000006 0 0
0.31 0.0183735826433702 68204 0.00716581576318421 26600.0000000006 0 0
0.315 0.0184021381497949 68310 0.00571110128494506 21200.0000000005 0 0
0.32 0.0184263833910989 68400 0.00484904826080502 18000.0000000004 0 0
0.325 0.0184492816745527 68485 0.00457965669075852 17000.0000000004 0 0
0.33 0.0184611349036347 68529 0.00237064581639154 8800.00000000021 0 0
0.335 0.018469216650736 68559 0.00161634942026649 6000.00000000014 0 0
0.34 0.0184772983978374 68589 0.00161634942026788 6000.00000000014 0 0
0.345 0.0184853801449387 68619 0.00161634942026649 6000.00000000014 0 0
0.35 0.0184918455426198 68643 0.00129307953621319 4800.00000000011 0 0
0.355 0.0184958864161704 68658 0.000808174710133244 3000.00000000007 0 0
0.36 0.0185001966812911 68674 0.000862053024142127 3200.00000000008 0 0
0.365 0.0185020824222815 68681 0.000377148198062181 1400.00000000003 0 0
0.37 0.0185042375548418 68689 0.000431026512071064 1600.00000000004 0 0
0.375 0.018505584512692 68694 0.000269391570044415 1000.00000000002 0 0
0.38 0.0185069314705423 68699 0.000269391570044415 1000.00000000002 0 0
0.385 0.0185080090368224 68703 0.000215513256035532 800.000000000019 0 0
0.39 0.0185090866031026 68707 0.000215513256035532 800.000000000019 0 0
0.395 0.0185101641693828 68711 0.000215513256035532 800.000000000019 0 0
0.4 0.0185107029525229 68713 0.000107756628017766 400.00000000001 0 0
0.405 0.0185120499103731 68718 0.000269391570044415 1000.00000000002 0 0
0.41 0.0185123193019431 68719 5.38783140088829e-05 200.000000000005 0 0
0.415 0.0185125886935132 68720 5.38783140088829e-05 200.000000000005 0 0
0.42 0.0185128580850832 68721 5.38783140088829e-05 200.000000000005 0 0
0.425 0.0185133968682233 68723 0.000107756628017766 400.00000000001 0 0
0.43 0.0185142050429335 68726 0.000161634942026649 600.000000000014 0 0
0.435 0.0185142050429335 68726 0 0 0 0
0.44 0.0185142050429335 68726 0 0 0 0
0.445 0.0185142050429335 68726 0 0 0 0
0.45 0.0185144744345035 68727 5.38783140088829e-05 200.000000000005 0 0
0.455 0.0185147438260735 68728 5.38783140088829e-05 200.000000000005 0 0
0.46 0.0185150132176436 68729 5.38783140088829e-05 200.000000000005 0 0
0.465 0.0185152826092136 68730 5.38783140088829e-05 200.000000000005 0 0
0.47 0.0185152826092136 68730 0 0 0 0
0.475 0.0185152826092136 68730 0 0 0 0
0.48 0.0185152826092136 68730 0 0 0 0
0.485 0.0185152826092136 68730 0 0 0 0
0.49 0.0185152826092136 68730 0 0 0 0
0.495 0.0185152826092136 68730 0 0 0 0
0.5 0.0185152826092136 68730 0 0 0 0
0.505 0.0185152826092136 68730 0 0 0 0
0.51 0.0185152826092136 68730 0 0 0 0
0.515 0.0185152826092136 68730 0 0 0 0
0.52 0.0185152826092136 68730 0 0 0 0
0.525 0.0185152826092136 68730 0 0 0 0
0.53 0.0185155520007837 68731 5.38783140088829e-05 200.000000000005 0 0
0.535 0.0185155520007837 68731 0 0 0 0
0.54 0.0185155520007837 68731 0 0 0 0
0.545 0.0185155520007837 68731 0 0 0 0
0.55 0.0185155520007837 68731 0 0 0 0
0.555 0.0185155520007837 68731 0 0 0 0
0.56 0.0185155520007837 68731 0 0 0 0
0.565 0.0185155520007837 68731 0 0 0 0
0.57 0.0185155520007837 68731 0 0 0 0
0.575 0.0185155520007837 68731 0 0 0 0
0.58 0.0185155520007837 68731 0 0 0 0
0.585 0.0185155520007837 68731 0 0 0 0
0.59 0.0185155520007837 68731 0 0 0 0
0.595 0.0185155520007837 68731 0 0 0 0
0.6 0.0185155520007837 68731 0 0 0 0
0.605 0.0185155520007837 68731 0 0 0 0
0.61 0.0185155520007837 68731 0 0 0 0
0.615 0.0185155520007837 68731 0 0 0 0
0.62 0.0185155520007837 68731 0 0 0 0
0.625 0.0185155520007837 68731 0 0 0 0
0.63 0.0185155520007837 68731 0 0 0 0
0.635 0.0185155520007837 68731 0 0 0 0
0.64 0.0185155520007837 68731 0 0 0 0
0.645 0.0185155520007837 68731 0 0 0 0
0.65 0.0185155520007837 68731 0 0 0 0
0.655 0.0185155520007837 68731 0 0 0 0
0.66 0.0185155520007837 68731 0 0 0 0
0.665 0.0185155520007837 68731 0 0 0 0
0.67 0.0185155520007837 68731 0 0 0 0
0.675 0.0185158213923537 68732 5.38783140088829e-05 200.000000000005 0 0
0.68 0.0185158213923537 68732 0 0 0 0
0.685 0.0185158213923537 68732 0 0 0 0
0.690000000000001 0.0185158213923537 68732 0 0 0 0
0.695000000000001 0.0185158213923537 68732 0 0 0 0
0.700000000000001 0.0185158213923537 68732 0 0 0 0
0.705000000000001 0.0185158213923537 68732 0 0 0 0
0.710000000000001 0.0185160907839238 68733 5.38783140088829e-05 200.000000000005 0 0
0.715000000000001 0.0185163601754938 68734 5.38783140088829e-05 200.000000000005 0 0
0.720000000000001 0.0185168989586339 68736 0.000107756628017766 400.00000000001 0 0
0.725000000000001 0.018517437741774 68738 0.000107756628017766 400.00000000001 0 0
0.730000000000001 0.0185187846996242 68743 0.000269391570044415 1000.00000000002 0 0
0.735000000000001 0.0185217480068947 68754 0.000592661454097712 2200.00000000005 0 0
0.740000000000001 0.0185268664467255 68773 0.00102368796616878 3800.00000000009 0 0
0.745000000000001 0.0185387196758075 68817 0.00237064581639085 8800.00000000021 0 0
0.750000000000001 0.0185680833569423 68926 0.00587273622697032 21800.0000000005 0 0
0.755000000000001 0.0186343536831734 69172 0.0132540652462012 49200.0000000012 0 0
0.760000000000001 0.0187547717149835 69619 0.0240836063620269 89400.0000000021 0 0
0.765000000000001 0.0189255659703921 70253 0.0341588510817255 126800.000000003 0 0
0.770000000000001 0.0191006704909215 70903 0.0350209041058731 130000.000000003 0 0
0.775000000000001 0.0192617666498084 71501 0.0322192317773904 119600.000000003 0 0
0.780000000000001 0.0194220546339853 72096 0.0320575968353679 119000.000000003 0 0
0.785000000000001 0.0196065878594662 72781 0.0369066450961882 137000.000000003 0 0
0.790000000000001 0.0198247950312028 73591 0.0436414343473333 162000.000000004 0 0
0.795000000000001 0.0200861048541468 74561 0.0522619645887878 194000.000000005 0 0
0.800000000000001 0.0203837825390469 75666 0.059535536980021 221000.000000005 0 0
0.805000000000001 0.0207234853088741 76927 0.0679405539654491 252200.000000006 0 0
0.810000000000001 0.0211087152540391 78357 0.0770459890329885 286000.000000007 0 0
0.815000000000001 0.0215435132480924 79971 0.0869595988106778 322800.000000008 0 0
0.820000000000001 0.0220047116160103 81683 0.0922396735835774 342400.000000008 0 0
0.825000000000001 0.022518441340087 83590 0.102745944815347 381400.000000009 0 0
0.830000000000001 0.0230647674441392 85618 0.109265220810441 405600.00000001 0 0
0.835000000000001 0.0236288733918144 87712 0.112821189535044 418800.00000001 0 0
0.840000000000001 0.0242118367493929 89876 0.116592671515689 432800.00000001 0 0
0.845000000000001 0.0249400021632257 92579 0.14563308276657 540600.000000013 0 0
0.850000000000001 0.0260423524678515 96671 0.220470060925158 818400.00000002 0 0
0.855000000000001 0.0274660869155412 101956 0.28474688953796 1057000.00000003 0 0
0.860000000000001 0.0288790457004291 107201 0.282591756977585 1049000.00000003 0 0
0.865000000000001 0.0299073133232924 111018 0.205653524572653 763400.000000018 0 0
0.870000000000001 0.0303749770888912 112754 0.0935327531197761 347200.000000008 0 0
0.875000000000001 0.0304595660418853 113068 0.016917790598826 62800.0000000015 0 0
0.880000000000001 0.0304687253552669 113102 0.00183186267630271 6800.00000000016 0 0
0.885000000000001 0.0304749213613779 113125 0.00123920122220431 4600.00000000011 0 0
0.890000000000001 0.0304805785843488 113146 0.00113144459418654 4200.0000000001 0 0
0.895000000000001 0.0304870439820299 113170 0.00129307953621388 4800.00000000011 0 0
0.900000000000001 0.0304932399881409 113193 0.00123920122220431 4600.00000000011 0 0
0.905000000000001 0.0305026686930925 113228 0.00188574099031229 7000.00000000017 0 0
0.910000000000001 0.0305112892233339 113260 0.00172410604828634 6400.00000000015 0 0
0.915000000000001 0.0305207179282855 113295 0.0018857409903116 7000.00000000017 0 0
0.920000000000001 0.0305333793320775 113342 0.0025322807584175 9400.00000000023 0 0
0.925000000000001 0.0305411916876088 113371 0.00156247110625899 5800.00000000014 0 0
0.930000000000001 0.0305465795190097 113391 0.00107756628017835 4000.0000000001 0 0
0.935000000000001 0.0305508897841304 113407 0.000862053024142127 3200.00000000008 0 0
0.940000000000001 0.030554122482971 113419 0.000646539768106595 2400.00000000006 0 0
0.945000000000001 0.0305576245733816 113432 0.000700418082115478 2600.00000000006 0 0
0.950000000000001 0.0305584327480917 113435 0.000161634942026649 600.000000000014 0 0
0.955000000000001 0.0305592409228018 113438 0.000161634942026649 600.000000000014 0 0
0.960000000000001 0.030560049097512 113441 0.000161634942026649 600.000000000014 0 0
0.965000000000001 0.030560587880652 113443 0.000107756628017766 400.00000000001 0 0
0.970000000000001 0.0305608572722221 113444 5.38783140088829e-05 200.000000000005 0 0
0.975000000000001 0.0305611266637921 113445 5.38783140088829e-05 200.000000000005 0 0
0.980000000000001 0.0305613960553622 113446 5.38783140088829e-05 200.000000000005 0 0
0.985000000000001 0.0305613960553622 113446 0 0 0 0
0.990000000000001 0.0305613960553622 113446 0 0 0 0
0.995000000000001 0.0305613960553622 113446 0 0 0 0
1 0.0305616654469322 113447 5.38783140088829e-05 200.000000000005 0 0
