0.005 0 0 0 0 0 0
0.01 0 0 0 0 0 0
0.015 0 0 0 0 0 0
0.02 0 0 0 0 0 0
0.025 0 0 0 0 0 0
0.03 0 0 0 0 0 0
0.035 0 0 0 0 0 0
0.04 0 0 0 0 0 0
0.045 0 0 0 0 0 0
0.05 0 0 0 0 0 0
0.055 0 0 0 0 0 0
0.06 0 0 0 0 0 0
0.065 0 0 0 0 0 0
0.07 5.74702016096693e-07 2 0.000114940403219341 400.00000000001 0 0
0.075 5.74702016096693e-07 2 0 0 0 0
0.08 1.43675504024173e-06 5 0.000172410604829012 600.000000000014 0 0
0.085 2.29880806438677e-06 8 0.000172410604829012 600.000000000014 0 0
0.09 4.88496713682189e-06 17 0.000517231814487036 1800.00000000004 0 0
0.095 7.471126209257e-06 26 0.000517231814487036 1800.00000000004 0 0
0.1 1.09193383058372e-05 38 0.000689642419316049 2400.00000000006 0 0
0.105 1.37928483863206e-05 48 0.000574702016096708 2000.00000000005 0 0
0.11 1.83904645150942e-05 64 0.000919523225754732 3200.00000000008 0 0
0.115 2.67236437484963e-05 93 0.00166663584668045 5800.00000000014 0 0
0.12 3.62062270140916e-05 126 0.00189651665311912 6600.00000000016 0 0
0.125 5.20105324567506e-05 181 0.00316086108853186 11000.0000000003 0 0
0.13 8.73547064466969e-05 304 0.00706883479798943 24600.0000000006 0 0
0.135 0.000183904645150942 640 0.0193099877408496 67200.0000000016 0 0
0.14 0.000393383530018187 1369 0.0418957769734499 145800.000000003 0 0
0.145 0.000691941227380409 2408 0.0597115394724459 207800.000000005 0 0
0.15 0.00101664786647503 3538 0.0649413278189259 226000.000000005 0 0
0.155 0.0013318719223041 4635 0.0630448111658148 219400.000000005 0 0
0.16 0.0016146253142237 5619 0.0565506783839221 196800.000000005 0 0
0.165 0.00185686221400849 6462 0.0484473799569585 168600.000000004 0 0
0.17 0.00206145613173895 7174 0.0409187835460934 142400.000000003 0 0
0.175 0.00226834885753381 7894 0.0413785451589729 144000.000000003 0 0
0.18 0.00248098860348964 8634 0.0425279491911666 148000.000000004 0 0
0.185 0.00271719113210543 9456 0.0472405057231604 164400.000000004 0 0
0.19 0.00298931253672727 10403 0.054424280924368 189400.000000005 0 0
0.195 0.00329792751937125 11477 0.0617229965287979 214800.000000005 0 0
0.2 0.00365970243850418 12736 0.0723549838265875 251800.000000006 0 0
0.205 0.00407176378404552 14170 0.0824122691082696 286800.000000007 0 0
0.21 0.00452664042978598 15753 0.0909753291480958 316600.000000008 0 0
0.215 0.00504502164830517 17557 0.103676243703839 360800.000000009 0 0
0.22 0.00562978094968351 19592 0.116951860275672 407000.00000001 0 0
0.225 0.00634413555569169 22078 0.14287092120164 497200.000000012 0 0
0.23 0.00747342501732173 26008 0.225857892326012 786000.000000019 0 0
0.235 0.00963229314078893 33521 0.43177362469345 1502600.00000004 0 0
0.24 0.0123793687777311 43081 0.549415127388448 1912000.00000005 0 0
0.245 0.015237936605796 53029 0.571713565612999 1989600.00000005 0 0
0.25 0.018008862376406 62672 0.554185154122014 1928600.00000005 0 0
0.255 0.0204846786617503 71288 0.495163257068865 1723200.00000004 0 0
0.26 0.0223602186912815 77815 0.375108005906252 1305400.00000003 0 0
0.265 0.0233340512575572 81204 0.194766513255146 677800.000000016 0 0
0.27 0.0236130690863719 82175 0.0558035657629359 194200.000000005 0 0
0.275 0.0236785851162067 82403 0.0131032059669657 45600.0000000011 0 0
0.28 0.0237507102192267 82654 0.0144250206039909 50200.0000000012 0 0
0.285 0.0238400763827295 82965 0.0178732327005587 62200.0000000015 0 0
0.29 0.0239535800309083 83360 0.0227007296357681 79000.0000000019 0 0
0.295 0.0240711065931998 83769 0.0235053124583015 81800.0000000019 0 0
0.3 0.0241650703728314 84096 0.0187927559263131 65400.0000000016 0 0
0.305 0.024235471369803 84341 0.0140801993943267 49000.0000000012 0 0
0.31 0.0243015621016539 84571 0.0132181463701853 46000.0000000011 0 0
0.315 0.0243475382629415 84731 0.00919523225751695 32000.0000000008 0 0
0.32 0.0243828824369313 84854 0.00706883479796392 24600.0000000006 0 0
0.325 0.0244075946236234 84940 0.00494243733841297 17200.0000000004 0 0
0.33 0.0244311574062833 85022 0.00471255653197594 16400.0000000004 0 0
0.335 0.0244529960828949 85098 0.00436773532231868 15200.0000000004 0 0
0.34 0.0244685130373294 85152 0.00310339088690985 10800.0000000003 0 0
0.345 0.0244805817796674 85194 0.00241374846759671 8400.0000000002 0 0
0.35 0.0244915011179732 85232 0.00218386766115899 7600.00000000018 0 0
0.355 0.024502420456279 85270 0.00218386766116038 7600.00000000018 0 0
0.36 0.024514489198617 85312 0.0024137484675974 8400.0000000002 0 0
0.365 0.0245228223778503 85341 0.00166663584667413 5800.00000000014 0 0
0.37 0.0245291441000274 85363 0.00126434443540813 4400.00000000011 0 0
0.375 0.0245380519812768 85394 0.0017815762498923 6200.00000000015 0 0
0.38 0.02454494840547 85418 0.00137928483862629 4800.00000000011 0 0
0.385 0.0245501207236148 85436 0.00103446362896972 3600.00000000009 0 0
0.39 0.0245538562867194 85449 0.000747112620922575 2600.00000000006 0 0
0.395 0.0245587412538562 85466 0.000976993427360291 3400.00000000008 0 0
0.4 0.024563338869985 85482 0.00091952322575225 3200.00000000008 0 0
0.405 0.0245676491351057 85497 0.000862053024141433 3000.00000000007 0 0
0.41 0.0245690858901459 85502 0.000287351008047144 1000.00000000002 0 0
0.415 0.0245728214532506 85515 0.000747112620922575 2600.00000000006 0 0
0.42 0.0245759823143391 85526 0.000632172217703718 2200.00000000005 0 0
0.425 0.0245788558244196 85536 0.000574702016094289 2000.00000000005 0 0
0.43 0.0245805799304678 85542 0.000344821209656573 1200.00000000003 0 0
0.435 0.0245817293345 85546 0.000229880806437716 800.000000000019 0 0
0.44 0.0245840281425644 85554 0.000459761612875431 1600.00000000004 0 0
0.445 0.0245846028445805 85556 0.000114940403218858 400.00000000001 0 0
0.45 0.0245857522486127 85560 0.000229880806437716 800.000000000019 0 0
0.455 0.0245860395996207 85561 5.74702016094289e-05 200.000000000005 0 0
0.46 0.0245871890036529 85565 0.000229880806437716 800.000000000019 0 0
0.465 0.0245886257586932 85570 0.000287351008047144 1000.00000000002 0 0
0.47 0.0245897751627253 85574 0.000229880806437716 800.000000000019 0 0
0.475 0.0245897751627253 85574 0 0 0 0
0.48 0.0245897751627253 85574 0 0 0 0
0.485 0.0245897751627253 85574 0 0 0 0
0.49 0.0245900625137334 85575 5.74702016094289e-05 200.000000000005 0 0
0.495 0.0245906372157495 85577 0.000114940403218858 400.00000000001 0 0
0.5 0.0245909245667575 85578 5.74702016094289e-05 200.000000000005 0 0
0.505 0.0245909245667575 85578 0 0 0 0
0.51 0.0245914992687736 85580 0.000114940403218858 400.00000000001 0 0
0.515 0.0245917866197817 85581 5.74702016094289e-05 200.000000000005 0 0
0.52 0.0245917866197817 85581 0 0 0 0
0.525 0.0245920739707897 85582 5.74702016094289e-05 200.000000000005 0 0
0.53 0.0245926486728058 85584 0.000114940403218858 400.00000000001 0 0
0.535 0.0245926486728058 85584 0 0 0 0
0.54 0.0245926486728058 85584 0 0 0 0
0.545 0.0245926486728058 85584 0 0 0 0
0.55 0.0245926486728058 85584 0 0 0 0
0.555 0.0245926486728058 85584 0 0 0 0
0.56 0.0245926486728058 85584 0 0 0 0
0.565 0.0245926486728058 85584 0 0 0 0
0.57 0.0245926486728058 85584 0 0 0 0
0.575 0.0245926486728058 85584 0 0 0 0
0.58 0.0245926486728058 85584 0 0 0 0
0.585 0.0245926486728058 85584 0 0 0 0
0.59 0.0245926486728058 85584 0 0 0 0
0.595 0.0245926486728058 85584 0 0 0 0
0.6 0.0245926486728058 85584 0 0 0 0
0.605 0.0245926486728058 85584 0 0 0 0
0.61 0.0245926486728058 85584 0 0 0 0
0.615 0.0245926486728058 85584 0 0 0 0
0.62 0.0245926486728058 85584 0 0 0 0
0.625 0.0245926486728058 85584 0 0 0 0
0.63 0.0245926486728058 85584 0 0 0 0
0.635 0.0245926486728058 85584 0 0 0 0
0.64 0.0245926486728058 85584 0 0 0 0
0.645 0.0245926486728058 85584 0 0 0 0
0.65 0.0245926486728058 85584 0 0 0 0
0.655 0.0245926486728058 85584 0 0 0 0
0.66 0.0245926486728058 85584 0 0 0 0
0.665 0.0245926486728058 85584 0 0 0 0
0.67 0.0245929360238139 85585 5.74702016094289e-05 200.000000000005 0 0
0.675 0.02459351072583 85587 0.000114940403218858 400.00000000001 0 0
0.68 0.02459351072583 85587 0 0 0 0
0.685 0.02459351072583 85587 0 0 0 0
0.69 0.024593798076838 85588 5.74702016094289e-05 200.000000000005 0 0
0.695 0.024593798076838 85588 0 0 0 0
0.7 0.024593798076838 85588 0 0 0 0
0.705 0.024593798076838 85588 0 0 0 0
0.71 0.0245949474808702 85592 0.000229880806437716 800.000000000019 0 0
0.715 0.0245955221828863 85594 0.000114940403218858 400.00000000001 0 0
0.72 0.0245966715869185 85598 0.000229880806437716 800.000000000019 0 0
0.725 0.0245992577459909 85607 0.00051723181448486 1800.00000000004 0 0
0.73 0.0246050047661518 85627 0.00114940403218927 4000.0000000001 0 0
0.735 0.0246139126474013 85658 0.0017815762498923 6200.00000000015 0 0
0.74 0.0246265560917554 85702 0.00252868887081556 8800.00000000021 0 0
0.745 0.0246641990738096 85833 0.00752859641084073 26200.0000000006 0 0
0.75 0.0247641972246102 86181 0.0199996301601146 69600.0000000017 0 0
0.755 0.0249504006778252 86829 0.037240690643005 129600.000000003 0 0
0.76 0.0251940743326499 87677 0.0487347309649428 169600.000000004 0 0
0.765 0.0254394720935228 88531 0.0490795521745883 170800.000000004 0 0
0.77 0.0256613070717359 89303 0.0443669956426144 154400.000000004 0 0
0.775 0.0258618780753533 90001 0.0401142007234924 139600.000000003 0 0
0.78 0.0260598629198984 90690 0.0395969689090082 137800.000000003 0 0
0.785 0.0262785370370229 91451 0.0437348234249114 152200.000000004 0 0
0.79 0.0265337047321696 92339 0.0510335390293283 177600.000000004 0 0
0.795 0.0268314003765074 93375 0.0595391288675591 207200.000000005 0 0
0.8 0.0271650148968512 94536 0.0667229040687794 232200.000000006 0 0
0.805 0.0275494905456197 95874 0.0768951297536858 267600.000000006 0 0
0.81 0.027986551428861 97395 0.0874121766482654 304200.000000007 0 0
0.815 0.0284589564860923 99039 0.0944810114462564 328800.000000008 0 0
0.82 0.028993142010054 100898 0.106837104792347 371800.000000009 0 0
0.825 0.0295784760134483 102935 0.11706680067887 407400.00000001 0 0
0.83 0.0302140964432511 105147 0.127124085960559 442400.000000011 0 0
0.835 0.0309773007206273 107803 0.152640855475252 531200.000000013 0 0
0.84 0.0321850370074543 112006 0.241547257365404 840600.00000002 0 0
0.845 0.034140747968231 118812 0.391142192155343 1361200.00000003 0 0
0.85 0.0364332343104402 126790 0.458497268441862 1595600.00000004 0 0
0.855 0.038680606544386 134611 0.449474446789152 1564200.00000004 0 0
0.86 0.0405593074350056 141149 0.375740178123943 1307600.00000003 0 0
0.865 0.041698366830909 145113 0.227811879180673 792800.000000019 0 0
0.87 0.0420796816185894 146440 0.0762629575360806 265400.000000006 0 0
0.875 0.0420997961891529 146510 0.00402291411270304 14000.0000000003 0 0
0.88 0.0421107155274588 146548 0.00218386766118467 7600.00000000018 0 0
0.885 0.0421187613556842 146576 0.00160916564508344 5600.00000000013 0 0
0.89 0.0421262324818935 146602 0.00149422524186319 5200.00000000012 0 0
0.895 0.0421357150651592 146635 0.00189651665313405 6600.00000000016 0 0
0.9 0.0421443355954007 146665 0.00172410604830091 6000.00000000014 0 0
0.905 0.042157553741771 146711 0.00264362927406287 9200.00000000022 0 0
0.91 0.0421664616230206 146742 0.00178157624991381 6200.00000000015 0 0
0.915 0.0421793924183829 146787 0.00258615907245552 9000.00000000021 0 0
0.92 0.0421928979157612 146834 0.00270109947567299 9400.00000000023 0 0
0.925 0.0421989322869303 146855 0.00120687423381258 4200.0000000001 0 0
0.93 0.0422049666580993 146876 0.00120687423381258 4200.0000000001 0 0
0.935 0.0422072654661638 146884 0.000459761612880982 1600.00000000004 0 0
0.94 0.0422101389762443 146894 0.000574702016101228 2000.00000000005 0 0
0.945 0.0422121504333006 146901 0.000402291411270859 1400.00000000003 0 0
0.95 0.042214449241365 146909 0.000459761612880982 1600.00000000004 0 0
0.955 0.0422155986453972 146913 0.000229880806440491 800.000000000019 0 0
0.96 0.0422167480494294 146917 0.000229880806440491 800.000000000019 0 0
0.965 0.0422176101024536 146920 0.000172410604830368 600.000000000014 0 0
0.97 0.0422181848044697 146922 0.000114940403220246 400.00000000001 0 0
0.975 0.0422187595064858 146924 0.000114940403220246 400.00000000001 0 0
0.98 0.0422190468574938 146925 5.74702016101228e-05 200.000000000005 0 0
0.985 0.0422190468574938 146925 0 0 0 0
0.99 0.0422190468574938 146925 0 0 0 0
0.995 0.0422193342085019 146926 5.74702016101228e-05 200.000000000005 0 0
1 0.0422196215595099 146927 5.74702016101228e-05 200.000000000005 0 0
1.005 0.0422196215595099 146927 0 0 0 0
1.01 0.0422196215595099 146927 0 0 0 0
1.015 0.0422196215595099 146927 0 0 0 0
1.02 0.0422196215595099 146927 0 0 0 0
1.025 0.042219908910518 146928 5.74702016101228e-05 200.000000000005 0 0
1.03 0.042219908910518 146928 0 0 0 0
1.035 0.042219908910518 146928 0 0 0 0
1.04 0.042219908910518 146928 0 0 0 0
1.045 0.042219908910518 146928 0 0 0 0
1.05 0.042219908910518 146928 0 0 0 0
1.055 0.042219908910518 146928 0 0 0 0
1.06 0.042219908910518 146928 0 0 0 0
1.065 0.042219908910518 146928 0 0 0 0
1.07 0.042219908910518 146928 0 0 0 0
1.075 0.042219908910518 146928 0 0 0 0
1.08 0.042219908910518 146928 0 0 0 0
1.085 0.042219908910518 146928 0 0 0 0
1.09 0.042219908910518 146928 0 0 0 0
1.095 0.042219908910518 146928 0 0 0 0
1.1 0.042219908910518 146928 0 0 0 0
1.105 0.042219908910518 146928 0 0 0 0
1.11 0.042219908910518 146928 0 0 0 0
1.115 0.042219908910518 146928 0 0 0 0
1.12 0.042219908910518 146928 0 0 0 0
1.125 0.042219908910518 146928 0 0 0 0
1.13 0.042219908910518 146928 0 0 0 0
1.135 0.042219908910518 146928 0 0 0 0
1.14 0.042219908910518 146928 0 0 0 0
1.145 0.042219908910518 146928 0 0 0 0
1.15 0.042219908910518 146928 0 0 0 0
1.155 0.042219908910518 146928 0 0 0 0
1.16 0.042219908910518 146928 0 0 0 0
1.165 0.042219908910518 146928 0 0 0 0
1.17 0.042219908910518 146928 0 0 0 0
1.175 0.042219908910518 146928 0 0 0 0
1.18 0.042219908910518 146928 0 0 0 0
1.185 0.042219908910518 146928 0 0 0 0
1.19 0.042219908910518 146928 0 0 0 0
1.195 0.042219908910518 146928 0 0 0 0
1.2 0.042219908910518 146928 0 0 0 0
1.205 0.042219908910518 146928 0 0 0 0
1.21 0.042219908910518 146928 0 0 0 0
