0.005 0 0 0 0 0 0
0.01 0 0 0 0 0 0
0.015 0 0 0 0 0 0
0.02 0 0 0 0 0 0
0.025 0 0 0 0 0 0
0.03 0 0 0 0 0 0
0.035 0 0 0 0 0 0
0.04 0 0 0 0 0 0
0.045 0 0 0 0 0 0
0.05 0 0 0 0 0 0
0.055 0 0 0 0 0 0
0.06 0 0 0 0 0 0
0.065 0 0 0 0 0 0
0.07 0 0 0 0 0 0
0.0750000000000001 5.38783140090649e-07 2 0.000107756628018132 400.00000000001 0 0
0.0800000000000001 5.38783140090649e-07 2 0 0 0 0
0.0850000000000001 5.38783140090649e-07 2 0 0 0 0
0.0900000000000001 5.38783140090649e-07 2 0 0 0 0
0.0950000000000001 5.38783140090649e-07 2 0 0 0 0
0.1 5.38783140090649e-07 2 0 0 0 0
0.105 8.08174710135974e-07 3 5.38783140090662e-05 200.000000000005 0 0
0.11 1.0775662801813e-06 4 5.38783140090662e-05 200.000000000005 0 0
0.115 2.1551325603626e-06 8 0.000215513256036265 800.000000000019 0 0
0.12 2.42452413040792e-06 9 5.38783140090662e-05 200.000000000005 0 0
0.125 3.2326988405439e-06 12 0.000161634942027199 600.000000000014 0 0
0.13 4.3102651207252e-06 16 0.000215513256036265 800.000000000019 0 0
0.135 5.65722297095182e-06 21 0.000269391570045331 1000.00000000002 0 0
0.14 8.62053024145039e-06 32 0.000592661454099728 2200.00000000005 0 0
0.145 1.1583837511949e-05 43 0.000592661454099729 2200.00000000005 0 0
0.15 1.75104520529461e-05 65 0.00118532290819945 4400.00000000011 0 0
0.155 2.88248979948497e-05 107 0.00226288918838077 8400.0000000002 0 0
0.16 5.68416212795633e-05 211 0.00560334465694286 20800.0000000005 0 0
0.165 0.000119340465530079 443 0.0124997688501035 46400.0000000011 0 0
0.17 0.000266158871204784 988 0.0293636811349416 109000.000000003 0 0
0.175 0.000484904826081591 1800 0.0437491909753626 162400.000000004 0 0
0.18 0.00078985608337288 2932 0.0609902514582592 226400.000000005 0 0
0.185 0.00123058069196701 4568 0.0881449217188277 327200.000000008 0 0
0.19 0.00225723196540973 8379 0.205330254688548 762200.000000018 0 0
0.195 0.00378899243268745 14065 0.306352093455552 1137200.00000003 0 0
0.2 0.00569493779075803 21140 0.381189071614125 1415000.00000003 0 0
0.205 0.00779484507926127 28935 0.419981457700658 1559000.00000004 0 0
0.21 0.00989879324131534 36745 0.420789632410825 1562000.00000004 0 0
0.215 0.011923001498636 44259 0.404841651464137 1502800.00000004 0 0
0.22 0.0137454354699927 51024 0.364486794271353 1353000.00000003 0 0
0.225 0.0152230482316915 56509 0.295522552339764 1097000.00000003 0 0
0.23 0.016270712047598 60398 0.209532763181318 777800.000000019 0 0
0.235 0.0168816921284611 62666 0.122196016172617 453600.000000011 0 0
0.24 0.0171575490961875 63690 0.0551713935452849 204800.000000005 0 0
0.245 0.0172200479404379 63922 0.0124997688500803 46400.0000000011 0 0
0.25 0.0172375583924908 63987 0.00350209041057878 13000.0000000003 0 0
0.255 0.0172472564890124 64023 0.00193961930431979 7200.00000000017 0 0
0.26 0.0172521055372732 64041 0.000969809652159893 3600.00000000009 0 0
0.265 0.0172583015433842 64064 0.00123920122220431 4600.00000000011 0 0
0.27 0.0172644975494953 64087 0.00123920122220431 4600.00000000011 0 0
0.275 0.0172674608567658 64098 0.000592661454097712 2200.00000000005 0 0
0.28 0.0172693465977561 64105 0.000377148198062181 1400.00000000003 0 0
0.285 0.0172706935556063 64110 0.000269391570044415 1000.00000000002 0 0
0.29 0.0172717711218865 64114 0.000215513256036226 800.000000000019 0 0
0.295 0.0172723099050266 64116 0.000107756628017766 400.00000000001 0 0
0.3 0.0172723099050266 64116 0 0 0 0
0.305 0.0172725792965966 64117 5.38783140088829e-05 200.000000000005 0 0
0.31 0.0172731180797367 64119 0.000107756628017766 400.00000000001 0 0
0.315 0.0172733874713067 64120 5.38783140088829e-05 200.000000000005 0 0
0.32 0.0172733874713067 64120 0 0 0 0
0.325 0.0172733874713067 64120 0 0 0 0
0.33 0.0172736568628768 64121 5.38783140088829e-05 200.000000000005 0 0
0.335 0.0172736568628768 64121 0 0 0 0
0.34 0.0172736568628768 64121 0 0 0 0
0.345 0.0172736568628768 64121 0 0 0 0
0.35 0.0172736568628768 64121 0 0 0 0
0.355 0.0172736568628768 64121 0 0 0 0
0.36 0.0172739262544468 64122 5.38783140088829e-05 200.000000000005 0 0
0.365 0.0172741956460169 64123 5.38783140088829e-05 200.000000000005 0 0
0.37 0.0172741956460169 64123 0 0 0 0
0.375 0.0172741956460169 64123 0 0 0 0
0.38 0.0172741956460169 64123 0 0 0 0
0.385 0.0172741956460169 64123 0 0 0 0
0.39 0.0172741956460169 64123 0 0 0 0
0.395 0.0172741956460169 64123 0 0 0 0
0.4 0.0172741956460169 64123 0 0 0 0
0.405 0.0172741956460169 64123 0 0 0 0
0.41 0.0172741956460169 64123 0 0 0 0
0.415 0.0172741956460169 64123 0 0 0 0
0.42 0.0172741956460169 64123 0 0 0 0
0.425 0.0172741956460169 64123 0 0 0 0
0.43 0.0172741956460169 64123 0 0 0 0
0.435 0.0172741956460169 64123 0 0 0 0
0.44 0.0172741956460169 64123 0 0 0 0
0.445 0.0172741956460169 64123 0 0 0 0
0.45 0.0172741956460169 64123 0 0 0 0
0.455 0.0172741956460169 64123 0 0 0 0
0.46 0.0172741956460169 64123 0 0 0 0
0.465 0.0172741956460169 64123 0 0 0 0
0.47 0.0172741956460169 64123 0 0 0 0
0.475 0.0172741956460169 64123 0 0 0 0
0.48 0.0172741956460169 64123 0 0 0 0
0.485 0.0172741956460169 64123 0 0 0 0
0.49 0.0172741956460169 64123 0 0 0 0
0.495 0.0172741956460169 64123 0 0 0 0
0.5 0.0172741956460169 64123 0 0 0 0
0.505 0.0172741956460169 64123 0 0 0 0
0.51 0.0172744650375869 64124 5.38783140088829e-05 200.000000000005 0 0
0.515 0.0172744650375869 64124 0 0 0 0
0.52 0.0172744650375869 64124 0 0 0 0
0.525 0.0172744650375869 64124 0 0 0 0
0.53 0.0172744650375869 64124 0 0 0 0
0.535 0.0172744650375869 64124 0 0 0 0
0.54 0.0172744650375869 64124 0 0 0 0
0.545 0.0172744650375869 64124 0 0 0 0
0.55 0.0172744650375869 64124 0 0 0 0
0.555 0.0172744650375869 64124 0 0 0 0
0.56 0.0172744650375869 64124 0 0 0 0
0.565 0.0172744650375869 64124 0 0 0 0
0.57 0.0172744650375869 64124 0 0 0 0
0.575 0.0172744650375869 64124 0 0 0 0
0.58 0.0172744650375869 64124 0 0 0 0
0.585 0.0172744650375869 64124 0 0 0 0
0.59 0.0172744650375869 64124 0 0 0 0
0.595 0.0172744650375869 64124 0 0 0 0
0.6 0.0172744650375869 64124 0 0 0 0
0.605 0.0172744650375869 64124 0 0 0 0
0.61 0.0172744650375869 64124 0 0 0 0
0.615 0.0172744650375869 64124 0 0 0 0
0.62 0.0172744650375869 64124 0 0 0 0
0.625 0.0172744650375869 64124 0 0 0 0
0.63 0.0172744650375869 64124 0 0 0 0
0.635 0.0172744650375869 64124 0 0 0 0
0.64 0.0172744650375869 64124 0 0 0 0
0.645 0.0172744650375869 64124 0 0 0 0
0.65 0.0172744650375869 64124 0 0 0 0
0.655 0.0172744650375869 64124 0 0 0 0
0.66 0.0172744650375869 64124 0 0 0 0
0.665 0.0172744650375869 64124 0 0 0 0
0.67 0.0172744650375869 64124 0 0 0 0
0.675 0.0172755426038671 64128 0.000215513256035532 800.000000000019 0 0
0.68 0.0172755426038671 64128 0 0 0 0
0.685 0.0172755426038671 64128 0 0 0 0
0.690000000000001 0.0172755426038671 64128 0 0 0 0
0.695000000000001 0.0172755426038671 64128 0 0 0 0
0.700000000000001 0.0172755426038671 64128 0 0 0 0
0.705000000000001 0.0172755426038671 64128 0 0 0 0
0.710000000000001 0.0172755426038671 64128 0 0 0 0
0.715000000000001 0.0172755426038671 64128 0 0 0 0
0.720000000000001 0.0172758119954371 64129 5.38783140088829e-05 200.000000000005 0 0
0.725000000000001 0.0172760813870072 64130 5.38783140088829e-05 200.000000000005 0 0
0.730000000000001 0.0172768895617173 64133 0.000161634942026649 600.000000000014 0 0
0.735000000000001 0.0172776977364274 64136 0.000161634942026649 600.000000000014 0 0
0.740000000000001 0.0172785059111376 64139 0.000161634942026649 600.000000000014 0 0
0.745000000000001 0.0172793140858477 64142 0.000161634942026649 600.000000000014 0 0
0.750000000000001 0.0172798528689878 64144 0.000107756628017766 400.00000000001 0 0
0.755000000000001 0.0172841631341085 64160 0.000862053024142821 3200.00000000008 0 0
0.760000000000001 0.0172884733992292 64176 0.000862053024142127 3200.00000000008 0 0
0.765000000000001 0.0172970939294706 64208 0.00172410604828425 6400.00000000015 0 0
0.770000000000001 0.0173116410742531 64262 0.00290942895648176 10800.0000000003 0 0
0.775000000000001 0.0173385802312575 64362 0.00538783140089523 20000.0000000005 0 0
0.780000000000001 0.0173994627260876 64588 0.0121764989660207 45200.0000000011 0 0
0.785000000000001 0.0174905170767628 64926 0.0182108701350267 67600.0000000016 0 0
0.790000000000001 0.0176241352955051 65422 0.0267236437484663 99200.0000000024 0 0
0.795000000000001 0.0178075909547059 66103 0.0366911318401548 136200.000000003 0 0
0.800000000000001 0.0180284920421429 66923 0.044180217487411 164000.000000004 0 0
0.805000000000001 0.0185753569293352 68953 0.109372977438463 406000.00000001 0 0
0.810000000000001 0.0196623519144683 72988 0.217398997026624 807000.000000019 0 0
0.815000000000001 0.0210995559406603 78323 0.287440805238404 1067000.00000003 0 0
0.820000000000001 0.0227008194330098 84267 0.320252698469908 1188800.00000003 0 0
0.825000000000001 0.0243074707567602 90231 0.321330264750095 1192800.00000003 0 0
0.830000000000001 0.0257710751568166 95664 0.292720880011289 1086600.00000003 0 0
0.835000000000001 0.026942928486514 100014 0.234370665939486 870000.000000021 0 0
0.840000000000001 0.0276527752735838 102649 0.141969357413954 527000.000000013 0 0
0.845000000000001 0.0279585347055853 103784 0.0611518864002931 227000.000000005 0 0
0.850000000000001 0.0280032537062127 103950 0.00894380012548428 33200.0000000008 0 0
0.855000000000001 0.0280194172004153 104010 0.00323269884053436 12000.0000000003 0 0
0.860000000000001 0.0280331561704876 104061 0.00274779401445442 10200.0000000002 0 0
0.865000000000001 0.0280409685260189 104090 0.0015624711062583 5800.00000000014 0 0
0.870000000000001 0.0280474339237 104114 0.00129307953621388 4800.00000000011 0 0
0.875000000000001 0.0280520135803907 104131 0.00091593133815101 3400.00000000008 0 0
0.880000000000001 0.0280541687129511 104139 0.000431026512071064 1600.00000000004 0 0
0.885000000000001 0.0280574014117916 104151 0.000646539768106595 2400.00000000006 0 0
0.890000000000001 0.0280592871527819 104158 0.000377148198062181 1400.00000000003 0 0
0.895000000000001 0.028059825935922 104160 0.000107756628017766 400.00000000001 0 0
0.900000000000001 0.0280611728937722 104165 0.000269391570044415 1000.00000000002 0 0
0.905000000000001 0.0280614422853423 104166 5.38783140088829e-05 200.000000000005 0 0
0.910000000000001 0.0280614422853423 104166 0 0 0 0
0.915000000000001 0.0280614422853423 104166 0 0 0 0
0.920000000000001 0.0280614422853423 104166 0 0 0 0
0.925000000000001 0.0280617116769123 104167 5.38783140088829e-05 200.000000000005 0 0
0.930000000000001 0.0280617116769123 104167 0 0 0 0
0.935000000000001 0.0280619810684824 104168 5.38783140088829e-05 200.000000000005 0 0
0.940000000000001 0.0280622504600524 104169 5.38783140088829e-05 200.000000000005 0 0
0.945000000000001 0.0280622504600524 104169 0 0 0 0
0.950000000000001 0.0280622504600524 104169 0 0 0 0
0.955000000000001 0.0280622504600524 104169 0 0 0 0
0.960000000000001 0.0280622504600524 104169 0 0 0 0
0.965000000000001 0.0280622504600524 104169 0 0 0 0
0.970000000000001 0.0280622504600524 104169 0 0 0 0
0.975000000000001 0.0280625198516225 104170 5.38783140088829e-05 200.000000000005 0 0
0.980000000000001 0.0280625198516225 104170 0 0 0 0
0.985000000000001 0.0280625198516225 104170 0 0 0 0
0.990000000000001 0.0280625198516225 104170 0 0 0 0
0.995000000000001 0.0280625198516225 104170 0 0 0 0
1 0.0280625198516225 104170 0 0 0 0
