0.005 0 0 0 0 0 0
0.01 0 0 0 0 0 0
0.015 0 0 0 0 0 0
0.02 0 0 0 0 0 0
0.025 0 0 0 0 0 0
0.03 0 0 0 0 0 0
0.035 0 0 0 0 0 0
0.04 0 0 0 0 0 0
0.045 0 0 0 0 0 0
0.05 0 0 0 0 0 0
0.055 0 0 0 0 0 0
0.06 0 0 0 0 0 0
0.065 0 0 0 0 0 0
0.07 0 0 0 0 0 0
0.0750000000000001 8.62053024145039e-07 3 0.000172410604829012 600.000000000014 0 0
0.0800000000000001 1.72410604829008e-06 6 0.000172410604829012 600.000000000014 0 0
0.0850000000000001 3.16086108853181e-06 11 0.000287351008048353 1000.00000000002 0 0
0.0900000000000001 4.02291411267685e-06 14 0.000172410604829012 600.000000000014 0 0
0.0950000000000001 7.18377520120866e-06 25 0.000632172217706377 2200.00000000005 0 0
0.1 8.90788124949874e-06 31 0.000344821209658024 1200.00000000003 0 0
0.105 1.20687423380306e-05 42 0.000632172217706379 2200.00000000005 0 0
0.11 1.60916564507074e-05 56 0.000804582822535391 2800.00000000007 0 0
0.115 2.41374846760611e-05 84 0.00160916564507078 5600.00000000013 0 0
0.12 3.41947699577532e-05 119 0.00201145705633847 7000.00000000017 0 0
0.125 5.08611284245572e-05 177 0.00333327169336087 11600.0000000003 0 0
0.13 0.000102871660881307 358 0.0104021064913503 36200.0000000009 0 0
0.135 0.000212352394947729 739 0.0218961468132849 76200.0000000018 0 0
0.14 0.000439359691305922 1529 0.0454014592716396 158000.000000004 0 0
0.145 0.000741365600764721 2580 0.0604011818917613 210200.000000005 0 0
0.15 0.0010663595908674 3711 0.0649987980205369 226200.000000005 0 0
0.155 0.00138187099770451 4809 0.0631022813674245 219600.000000005 0 0
0.16 0.0016686473037368 5807 0.0573552612064579 199600.000000005 0 0
0.165 0.00192410234989181 6696 0.0510910092310032 177800.000000004 0 0
0.17 0.00215484520935468 7499 0.0461485718925752 160600.000000004 0 0
0.175 0.0023781169426083 8276 0.0446543466507249 155400.000000004 0 0
0.18 0.00260598629199069 9069 0.0455738698764797 158600.000000004 0 0
0.185 0.00285540696697671 9937 0.0498841349972055 173600.000000004 0 0
0.19 0.00314678088913779 10951 0.0582747844322179 202800.000000005 0 0
0.195 0.00346947607117614 12074 0.0645390364076718 224600.000000005 0 0
0.2 0.00382665337418029 13317 0.071435460600831 248600.000000006 0 0
0.205 0.00421888750016624 14682 0.0784468251971923 273000.000000007 0 0
0.21 0.0046660056686894 16238 0.0894236337046334 311200.000000007 0 0
0.215 0.00517547900595906 18011 0.101894667453935 354600.000000008 0 0
0.22 0.00573983638576597 19975 0.112871475961384 392800.000000009 0 0
0.225 0.00638867496193911 22233 0.129767715234631 451600.000000011 0 0
0.23 0.0073133705058387 25451 0.184939108779923 643600.000000015 0 0
0.235 0.00892713376703819 31067 0.322752652239906 1123200.00000003 0 0
0.24 0.0112937566693243 39303 0.473324580457239 1647200.00000004 0 0
0.245 0.013995718198003 48706 0.540392305735739 1880600.00000004 0 0
0.25 0.0167255527744622 58206 0.545966915291857 1900000.00000005 0 0
0.255 0.0193157347610097 67220 0.518036397309507 1802800.00000004 0 0
0.26 0.0214964415610883 74809 0.436141360015731 1517800.00000004 0 0
0.265 0.0229975632271326 80033 0.30022433320887 1044800.00000003 0 0
0.27 0.023631459550887 82239 0.126779264750885 441200.000000011 0 0
0.275 0.023751572272251 82657 0.0240225442727961 83600.000000002 0 0
0.28 0.0238015713476512 82831 0.00999981508005034 34800.0000000008 0 0
0.285 0.0238745585036953 83085 0.0145974312088164 50800.0000000012 0 0
0.29 0.0239662234752625 83404 0.018332994313439 63800.0000000015 0 0
0.295 0.0240650722220309 83748 0.0197697493536748 68800.0000000016 0 0
0.3 0.0241558751405739 84064 0.0181605837086066 63200.0000000015 0 0
0.305 0.0242366207738352 84345 0.0161491266522703 56200.0000000013 0 0
0.31 0.0243007000486298 84568 0.0128158549589179 44600.0000000011 0 0
0.315 0.0243532852831025 84751 0.0105170468945387 36600.0000000009 0 0
0.32 0.0243958132322935 84899 0.0085055898382038 29600.0000000007 0 0
0.325 0.0244274218431787 85009 0.00632172217704134 22000.0000000005 0 0
0.33 0.0244475364137421 85079 0.0040229141126628 14000.0000000003 0 0
0.335 0.0244705244943858 85159 0.00459761612875709 16000.0000000004 0 0
0.34 0.0244848920447882 85209 0.00287351008047283 10000.0000000002 0 0
0.345 0.0244983975421664 85256 0.00270109947564455 9400.00000000023 0 0
0.35 0.0245073054234159 85287 0.0017815762498923 6200.00000000015 0 0
0.355 0.0245162133046654 85318 0.00178157624989299 6200.00000000015 0 0
0.36 0.024526270589947 85353 0.00201145705633001 7000.00000000017 0 0
0.365 0.0245340290671643 85380 0.00155169544345527 5400.00000000013 0 0
0.37 0.0245400634383333 85401 0.00120687423379801 4200.0000000001 0 0
0.375 0.0245475345645425 85427 0.00149422524184515 5200.00000000012 0 0
0.38 0.0245552930417598 85454 0.00155169544345458 5400.00000000013 0 0
0.385 0.0245601780088966 85471 0.000976993427360985 3400.00000000008 0 0
0.39 0.0245656376780495 85490 0.00109193383057915 3800.00000000009 0 0
0.395 0.0245685111881299 85500 0.000574702016094289 2000.00000000005 0 0
0.4 0.0245708099961943 85508 0.000459761612875431 1600.00000000004 0 0
0.405 0.0245733961552667 85517 0.00051723181448486 1800.00000000004 0 0
0.41 0.0245762696653472 85527 0.000574702016094289 2000.00000000005 0 0
0.415 0.0245820166855082 85547 0.00114940403218997 4000.0000000001 0 0
0.42 0.0245840281425645 85554 0.000402291411266002 1400.00000000003 0 0
0.425 0.0245857522486128 85560 0.000344821209656573 1200.00000000003 0 0
0.43 0.0245863269506289 85562 0.000114940403218858 400.00000000001 0 0
0.435 0.0245883384076852 85569 0.000402291411266002 1400.00000000003 0 0
0.44 0.0245900625137335 85575 0.000344821209656573 1200.00000000003 0 0
0.445 0.0245914992687737 85580 0.000287351008047144 1000.00000000002 0 0
0.45 0.0245917866197818 85581 5.74702016094289e-05 200.000000000005 0 0
0.455 0.0245917866197818 85581 0 0 0 0
0.46 0.024592936023814 85585 0.000229880806437716 800.000000000019 0 0
0.465 0.0245937980768381 85588 0.000172410604828287 600.000000000014 0 0
0.47 0.0245940854278461 85589 5.74702016094289e-05 200.000000000005 0 0
0.475 0.0245949474808703 85592 0.000172410604828287 600.000000000014 0 0
0.48 0.0245955221828864 85594 0.000114940403218858 400.00000000001 0 0
0.485 0.0245960968849025 85596 0.000114940403218858 400.00000000001 0 0
0.49 0.0245963842359105 85597 5.74702016094289e-05 200.000000000005 0 0
0.495 0.0245963842359105 85597 0 0 0 0
0.5 0.0245969589379266 85599 0.000114940403218858 400.00000000001 0 0
0.505 0.0245969589379266 85599 0 0 0 0
0.51 0.0245969589379266 85599 0 0 0 0
0.515 0.0245972462889347 85600 5.74702016094289e-05 200.000000000005 0 0
0.52 0.0245972462889347 85600 0 0 0 0
0.525 0.0245975336399427 85601 5.74702016094289e-05 200.000000000005 0 0
0.53 0.0245975336399427 85601 0 0 0 0
0.535 0.0245975336399427 85601 0 0 0 0
0.54 0.0245975336399427 85601 0 0 0 0
0.545 0.0245975336399427 85601 0 0 0 0
0.55 0.0245978209909508 85602 5.74702016094289e-05 200.000000000005 0 0
0.555 0.0245978209909508 85602 0 0 0 0
0.56 0.0245978209909508 85602 0 0 0 0
0.565 0.0245978209909508 85602 0 0 0 0
0.57 0.0245978209909508 85602 0 0 0 0
0.575 0.0245978209909508 85602 0 0 0 0
0.58 0.0245978209909508 85602 0 0 0 0
0.585 0.0245978209909508 85602 0 0 0 0
0.59 0.0245978209909508 85602 0 0 0 0
0.595 0.0245978209909508 85602 0 0 0 0
0.6 0.0245978209909508 85602 0 0 0 0
0.605 0.0245978209909508 85602 0 0 0 0
0.61 0.0245978209909508 85602 0 0 0 0
0.615 0.0245978209909508 85602 0 0 0 0
0.62 0.0245978209909508 85602 0 0 0 0
0.625 0.0245978209909508 85602 0 0 0 0
0.63 0.0245978209909508 85602 0 0 0 0
0.635 0.0245981083419588 85603 5.74702016094289e-05 200.000000000005 0 0
0.64 0.0245981083419588 85603 0 0 0 0
0.645 0.0245981083419588 85603 0 0 0 0
0.65 0.0245981083419588 85603 0 0 0 0
0.655 0.0245981083419588 85603 0 0 0 0
0.66 0.0245981083419588 85603 0 0 0 0
0.665 0.0245981083419588 85603 0 0 0 0
0.67 0.0245981083419588 85603 0 0 0 0
0.675 0.0245986830439749 85605 0.000114940403218858 400.00000000001 0 0
0.68 0.0245986830439749 85605 0 0 0 0
0.685 0.0245986830439749 85605 0 0 0 0
0.690000000000001 0.0245986830439749 85605 0 0 0 0
0.695000000000001 0.0245986830439749 85605 0 0 0 0
0.700000000000001 0.0245986830439749 85605 0 0 0 0
0.705000000000001 0.0245986830439749 85605 0 0 0 0
0.710000000000001 0.0245986830439749 85605 0 0 0 0
0.715000000000001 0.024599257745991 85607 0.000114940403218858 400.00000000001 0 0
0.720000000000001 0.0246001197990151 85610 0.000172410604828287 600.000000000014 0 0
0.725000000000001 0.0246027059580876 85619 0.00051723181448486 1800.00000000004 0 0
0.730000000000001 0.0246058668191761 85630 0.000632172217703718 2200.00000000005 0 0
0.735000000000001 0.0246133379453853 85656 0.00149422524184654 5200.00000000012 0 0
0.740000000000001 0.0246245446346991 85695 0.00224133786276773 7800.00000000019 0 0
0.745000000000001 0.0246509809274395 85787 0.00528725854807231 18400.0000000004 0 0
0.750000000000001 0.0247575881514252 86158 0.0213214447971328 74200.0000000018 0 0
0.755000000000001 0.0249728140564531 86907 0.0430451810055871 149800.000000004 0 0
0.760000000000001 0.0252406251959539 87839 0.0535622279001584 186400.000000004 0 0
0.765000000000001 0.0255055628253741 88761 0.0529875258840551 184400.000000004 0 0
0.770000000000001 0.025726535750563 89530 0.0441945850377702 153800.000000004 0 0
0.775000000000001 0.0259311296682931 90242 0.0409187835460237 142400.000000003 0 0
0.780000000000001 0.0261446314672727 90985 0.0427003597959257 148600.000000004 0 0
0.785000000000001 0.0263742249227031 91784 0.0459186910860711 159800.000000004 0 0
0.790000000000001 0.02663082937289 92677 0.0513208900373761 178600.000000004 0 0
0.795000000000001 0.0269250768051312 93701 0.0588494864482509 204800.000000005 0 0
0.800000000000001 0.027258116623459 94860 0.0666079636655571 231800.000000006 0 0
0.805000000000001 0.0276575345246459 96250 0.0798835802373879 278000.000000007 0 0
0.810000000000001 0.0281149973294587 97842 0.0914925609625529 318400.000000008 0 0
0.815000000000001 0.0286236086137041 99612 0.101722256849085 354000.000000008 0 0
0.820000000000001 0.0291690008269797 101510 0.109078442655129 379600.000000009 0 0
0.825000000000001 0.029772150592873 103609 0.120629953178662 419800.00000001 0 0
0.830000000000001 0.0304172536059414 105854 0.12902060261368 449000.000000011 0 0
0.835000000000001 0.0311373552321103 108360 0.144020325233789 501200.000000012 0 0
0.840000000000001 0.0321131992554424 111756 0.195168804666425 679200.000000016 0 0
0.845000000000001 0.033747077087205 117442 0.326775566352532 1137200.00000003 0 0
0.850000000000001 0.0358637046124889 124808 0.423325505056775 1473200.00000004 0 0
0.855000000000001 0.0380860773087344 132542 0.444474539249112 1546800.00000004 0 0
0.860000000000001 0.0400601787340262 139412 0.394820285058371 1374000.00000003 0 0
0.865000000000001 0.0414454979438269 144233 0.277063841960149 964200.000000023 0 0
0.870000000000001 0.0420673255252436 146397 0.124365516283334 432800.00000001 0 0
0.875000000000001 0.0421564043377388 146707 0.0178157624990562 62000.0000000015 0 0
0.880000000000001 0.042163300761932 146731 0.00137928483864156 4800.00000000011 0 0
0.885000000000001 0.0421696224841092 146753 0.0012643444354227 4400.00000000011 0 0
0.890000000000001 0.0421773809613265 146780 0.00155169544347331 5400.00000000013 0 0
0.895000000000001 0.042186001491568 146810 0.00172410604830368 6000.00000000014 0 0
0.900000000000001 0.042196920829874 146848 0.00218386766118467 7600.00000000018 0 0
0.905000000000001 0.0422046793070913 146875 0.00155169544347193 5400.00000000013 0 0
0.910000000000001 0.0422121504333006 146901 0.0014942252418618 5200.00000000012 0 0
0.915000000000001 0.0422230697716066 146939 0.00218386766118467 7600.00000000018 0 0
0.920000000000001 0.0422325523548722 146972 0.00189651665313405 6600.00000000016 0 0
0.925000000000001 0.0422397361300735 146997 0.00143675504025168 5000.00000000012 0 0
0.930000000000001 0.0422460578522506 147019 0.00126434443542131 4400.00000000011 0 0
0.935000000000001 0.0422503681173713 147034 0.000862053024151842 3000.00000000007 0 0
0.940000000000001 0.0422543910314841 147048 0.000804582822541719 2800.00000000007 0 0
0.945000000000001 0.0422587012966048 147063 0.000862053024151842 3000.00000000007 0 0
0.950000000000001 0.042259563349629 147066 0.000172410604830368 600.000000000014 0 0
0.955000000000001 0.0422610001046692 147071 0.000287351008049226 1000.00000000002 0 0
0.960000000000001 0.0422615748066853 147073 0.000114940403220246 400.00000000001 0 0
0.965000000000001 0.0422624368597095 147076 0.000172410604830368 600.000000000014 0 0
0.970000000000001 0.0422630115617256 147078 0.000114940403220246 400.00000000001 0 0
0.975000000000001 0.0422641609657578 147082 0.000229880806440491 800.000000000019 0 0
0.980000000000001 0.0422641609657578 147082 0 0 0 0
0.985000000000001 0.0422650230187819 147085 0.000172410604830368 600.000000000014 0 0
0.990000000000001 0.0422650230187819 147085 0 0 0 0
0.995000000000001 0.0422650230187819 147085 0 0 0 0
1 0.04226531036979 147086 5.74702016101228e-05 200.000000000005 0 0
